Okay, here is a breakdown of the provided document content, focusing on its structure, key information, and potential implications:

**Document Analysis:**

1.  **Structure:** The document is well-structured, clearly divided into sections covering ICSs, LABAs, patient education, and resources. It includes key insights, a summary, and key takeaways.
2.  **Key Information (ICSs):**
    *   **Effectiveness:** Clearly established as the gold standard for long-term asthma control.
    *   **Safety:** Addresses common concerns (thrush, growth) with practical advice (rinsing, low doses). Confirms safety in pregnancy.
    *   **Usage:** Emphasizes low-dose, daily use, and proper technique.
3.  **Key Information (LABAs):**
    *   **Crucial Combination:** Reiterates strongly that LABAs *must* be combined with ICSs.
    *   **Risks:** Highlights the Black Box warning and the increased risk of severe exacerbations.
    *   **Dosage Limits:** Specifies maximum daily doses (100 mcg salmeterol, 24 mcg formoterol).
    *   **Indications:** Clearly states they are *not* for acute symptoms.
4.  **Patient Education:** Provides specific talking points for both ICSs and LABAs, focusing on rationale, usage, and risks.
5.  **Resources:** Lists reputable organizations and specific guidelines (NHLBI EPR-3, NACI, AANMA, CDC, etc.).

**Potential Implications and Focus Areas:**

*   **Combination Therapy Mandate:** The repeated emphasis on LABAs *only* being used with ICSs is a critical safety point. This document strongly reinforces this guideline.
*   **Black Box Warning:** The document acknowledges the serious risks associated with LABAs, particularly when used inappropriately (e.g., monotherapy, high doses). This underscores the need for careful patient selection and monitoring.
*   **Patient Adherence & Understanding:** The focus on patient education suggests an awareness that proper use (both dosing and technique) is vital for safety and efficacy. Misunderstanding or non-adherence can lead to exacerbations or ineffective control.
*   **Practical Guidance:** Provides clear, actionable advice for clinicians (dosing, monitoring, education) and patients (understanding their meds, usage rules).
*   **Evidence Base:** The mention of specific organizations (NHLBI, CDC) and guidelines (EPR-3) anchors the information in authoritative sources.

**Conclusion:**

This document serves as a concise and well-organized summary of key asthma management guidelines, particularly focusing on the safe and effective use of ICSs and LABAs. It successfully highlights the necessity of combination therapy, addresses critical safety concerns (especially with LABAs), and provides practical guidance for both clinicians and patients. The inclusion of reputable resources adds credibility.